[Input]
scorecolumn = 6      # Position of column containing score (begins at 0)
mzcolumn = 19        # Position of column containing experimental M/Z (begins at 0)
chargecolumn = 2     # Position of column containing charge (begins at 0)

[Filtering]
score_min = 0.1      # Minimum score
ppm_max = 10         # Maximum PPM error

[Logging]
create_log = 1       # Create log file, 0=no 1=yes
create_INI = 0       # Create copy of INI file in input directory, 0=no 1=yes

[Aminoacids]
A = 71.037114
R = 156.101111
N = 114.042927
D = 115.026943
C = 103.009185
E = 129.042593
Q = 128.058578
G = 57.021464
H = 137.058912
I = 113.084064
L = 113.084064
K = 128.094963
M = 131.040485
F = 147.068414
P = 97.052764
S = 87.032028
T = 101.047679
U = 150.953630
W = 186.079313
Y = 163.063320
V = 99.068414
R = 156.101111
O = 132.089878

[Masses]
M_proton = 1.007825
M_oxygen = 15.994915