[Aminoacids]
A = 71.037114
R = 156.101111
N = 114.042927
D = 115.026943
C = 103.009185
E = 129.042593
Q = 128.058578
G = 57.021464
H = 137.058912
I = 113.084064
L = 113.084064
K = 128.094963
M = 131.040485
F = 147.068414
P = 97.052764
S = 87.032028
T = 101.047679
U = 150.953630
W = 186.079313
Y = 163.063329
V = 99.068414
O = 132.089878
Z = 129.042594

[Fixed Modifications]
Nt = 229.162932         # TMT-labeled N-terminal
Ct = 0
A = 0
R = 0
N = 0
D = 0
C = 57.021464           # C-IAM
E = 0
Q = 0
G = 0
H = 0
I = 0
L = 0
K = 229.162932           # K-TMT
M = 0
F = 0
P = 0
S = 0
T = 0
U = 0
W = 0
Y = 0
V = 0
O = 0

[Masses]
m_proton = 1.007276
m_hydrogen = 1.007825
m_oxygen = 15.994915